1.297358826794900111
1.305171326794900111
1.312983826794900111
1.320796326794900111
1.328608826794900111
1.336421326794900111
1.344233826794900111
1.352046326794900111
1.359858826794900111
1.367671326794900111
1.375483826794900111
1.383296326794900111
1.391108826794900111
1.398921326794900111
1.406733826794900111
1.414546326794900111
1.422358826794900111
1.430171326794900111
1.437983826794900111
1.445796326794900111
1.453608826794900111
1.461421326794900111
1.469233826794900111
1.477046326794900111
1.484858826794900111
1.492671326794900111
1.500483826794900111
1.508296326794900111
1.516108826794900111
1.523921326794900111
1.531733826794900111
1.539546326794900111
1.547358826794900111
1.555171326794900111
1.562983826794900111
1.570796326794900111
1.578608826794900111
1.586421326794900111
1.594233826794900111
1.602046326794900111
1.609858826794900111
1.617671326794900111
1.625483826794900111
1.633296326794900111
1.641108826794900111
1.648921326794900111
1.656733826794900111
1.664546326794900111
1.672358826794900111
1.680171326794900111
1.687983826794900111
1.695796326794900111
1.703608826794900111
1.711421326794900111
1.719233826794900111
1.727046326794900111
1.734858826794900111
1.742671326794900111
1.750483826794900111
1.758296326794900111
1.766108826794900111
1.773921326794900111
1.781733826794900111
1.789546326794900111
1.797358826794900111
1.805171326794900111
1.812983826794900111
1.820796326794900111
1.828608826794900111
1.836421326794900111
1.844233826794900111
