# MMP83 infrared background shape for DiskBridge external_source.inp
# lambda_micron I_nu_cgs
# I_nu units: erg cm^-2 s^-1 Hz^-1 sr^-1
# Tabulated IR shape used as I_MMP83_IR and scaled by chi_ir at runtime.
 3.000000e+00  4.632425e-21
 3.315885e+00  1.229963e-20
 3.665032e+00  3.145001e-20
 4.050942e+00  7.616291e-20
 4.477487e+00  1.729080e-19
 4.948944e+00  3.658034e-19
 5.470044e+00  7.188134e-19
 6.046013e+00  1.309890e-18
 6.682629e+00  2.212830e-18
 7.386277e+00  3.467902e-18
 8.164016e+00  5.051590e-18
 9.023648e+00  6.864076e-18
 9.973794e+00  8.752378e-18
 1.102399e+01  1.057284e-17
 1.218476e+01  1.227359e-17
 1.346775e+01  1.396015e-17
 1.488584e+01  1.590961e-17
 1.645325e+01  1.852173e-17
 1.818570e+01  2.222666e-17
 2.010056e+01  2.738693e-17
 2.221705e+01  3.422871e-17
 2.455640e+01  4.281747e-17
 2.714207e+01  5.307219e-17
 3.000000e+01  6.480124e-17
 3.315885e+01  7.774420e-17
 3.665032e+01  9.160979e-17
 4.050942e+01  1.061062e-16
 4.477487e+01  1.209621e-16
 4.948944e+01  1.359361e-16
 5.470044e+01  1.508138e-16
 6.046013e+01  1.653926e-16
 6.682629e+01  1.794584e-16
 7.386277e+01  1.927605e-16
 8.164016e+01  2.049929e-16
 9.023648e+01  2.157900e-16
 9.973794e+01  2.247396e-16
 1.102399e+02  2.314127e-16
 1.218476e+02  2.354068e-16
 1.346775e+02  2.363936e-16
 1.488584e+02  2.341643e-16
 1.645325e+02  2.286622e-16
 1.818570e+02  2.199995e-16
 2.010056e+02  2.084555e-16
 2.221705e+02  1.944562e-16
 2.455640e+02  1.785401e-16
 2.714207e+02  1.613144e-16
 3.000000e+02  1.434086e-16
 3.315885e+02  1.254301e-16
 3.665032e+02  1.079256e-16
 4.050942e+02  9.135337e-17
 4.477487e+02  7.606595e-17
 4.948944e+02  6.230368e-17
 5.470044e+02  5.019842e-17
 6.046013e+02  3.978471e-17
 6.682629e+02  3.101633e-17
 7.386277e+02  2.378547e-17
 8.164016e+02  1.794235e-17
 9.023648e+02  1.331353e-17
 9.973794e+02  9.717458e-18
 1.102399e+03  6.976828e-18
 1.218476e+03  4.927301e-18
 1.346775e+03  3.422991e-18
 1.488584e+03  2.339097e-18
 1.645325e+03  1.572303e-18
 1.818570e+03  1.039609e-18
 2.010056e+03  6.761595e-19
 2.221705e+03  4.325876e-19
 2.455640e+03  2.722354e-19
 2.714207e+03  1.685237e-19
 3.000000e+03  1.026178e-19
